------------
60  5 8
78 56 8
      67 65
--------------
61  5 8
78 56 8
      67 66
-------------
60  5 8
78 56 8
      67 65
------------
60  5 8
78 56 8
      67 65
------------
60  5 8
78 56 8
      67 65
------------
60  5 8
78 56 8
      67 65
------------
60  5 8
78 56 8
      67 65
------------
60  5 8
78 56 8
      67 65
------------
60  5 8
78 56 8
      67 65
------------
60  5 8
78 56 8
      67 65
------------
60  5 8
78 56 8
      67 65
------------
60  5 8
78 56 8
      67 65
------------
60  5 8
78 56 8
      67 65
------------
60  5 8
78 56 8
      67 65
------------
60  5 8
78 56 8
      67 65
------------
60  5 8
78 56 8
      67 65
------------
60  5 8
78 56 8
      67 65
------------
60  5 8
78 56 8
      67 65
------------
60  5 8
78 56 8
      67 65
------------
60  5 8
78 56 8
      67 65
------------
60  5 8
78 56 8
      67 65
------------
